>> % soal nomor 1
>> % A
>> p1 = [1 7 2 9 10 12 15]

p1 =

     1     7     2     9    10    12    15

>> A1 = roots(p1)

A1 =

  -6.8731 + 0.0000i
   0.7632 + 1.0822i
   0.7632 - 1.0822i
  -1.0000 + 0.0000i
  -0.3266 + 1.0667i
  -0.3266 - 1.0667i

>> % B
>> p2 = [1 9 8 9 12 15 20]

p2 =

     1     9     8     9    12    15    20

>> A2 = roots(p2)

A2 =

  -8.1330 + 0.0000i
   0.6996 + 0.9880i
   0.6996 - 0.9880i
  -1.2183 + 0.0000i
  -0.5240 + 1.0501i
  -0.5240 - 1.0501i

>> p3 = p1+p2

p3 =

     2    16    10    18    22    27    35

>> p4 = p1-p2

p4 =

     0    -2    -6     0    -2    -3    -5

>> p5=conv(p1,p2)

p5 =

     1    16    73    92   182   291   433   599   523   609   560   465   300



>> % soal nomor 2
s = [1 7]
t = [1 8]
u = [1 3]
v = [1 5]
w = [1 9]
x = [1 10]

s =

     1     7


t =

     1     8


u =

     1     3


v =

     1     5


w =

     1     9


x =

     1    10
>> p6 = s.*t.*u.*v.*w.*x

p6 =

           1       75600






>> % soal nomor 3
>> G1 = zpk([-2 -3 -6 -8], [0 -7 -9 -10 -15], 20)

G1 =
 
  20 (s+2) (s+3) (s+6) (s+8)
  ---------------------------
  s (s+7) (s+9) (s+10) (s+15)
 
Continuous-time zero/pole/gain model.
Model Properties
G1 =
 
   2 z^3 + 3 z^2 + 6 z + 8
  -------------------------
  7 z^3 + 9 z^2 + 10 z + 15
 
Sample time: 20 seconds
Discrete-time transfer function.
Model Properties
>> Gp=tf(G1)

Gp =
 
  20 s^4 + 380 s^3 + 2480 s^2 + 6480 s + 5760
  -------------------------------------------
  s^5 + 41 s^4 + 613 s^3 + 3975 s^2 + 9450 s
 
>> G2 = tf([1 17 99 223 140], [1 32 363 2092 5052 4320])

G2 =
 
         s^4 + 17 s^3 + 99 s^2 + 223 s + 140
  -------------------------------------------------
  s^5 + 32 s^4 + 363 s^3 + 2092 s^2 + 5052 s + 4320
 
Continuous-time transfer function.
Model Properties
>> Gzpk=zpk(G2)

Gzpk =
 
                 (s+7) (s+5) (s+4) (s+1)
  ------------------------------------------------------
  (s+16.79) (s^2 + 4.097s + 4.468) (s^2 + 11.12s + 57.6)

G4 = G1 + G2

G4 =

  21 (s+16.76) (s+7.999) (s+6.003) (s^2 + 6.079s + 9.499) (s^2 + 3.033s + 2.607) (s^2 + 11.46s + 59.47)
  -----------------------------------------------------------------------------------------------------
           s (s+7) (s+9) (s+10) (s+15) (s+16.79) (s^2 + 4.097s + 4.468) (s^2 + 11.12s + 57.6)

Continuous-time zero/pole/gain model.
Model Properties
G5 = G1 - G2

G5 =

  19 (s+16.81) (s+8.001) (s+5.997) (s+3.252) (s+1.496) (s^2 + 4.335s + 6.018) (s^2 + 10.74s + 55.47)
  --------------------------------------------------------------------------------------------------
          s (s+7) (s+9) (s+10) (s+15) (s+16.79) (s^2 + 4.097s + 4.468) (s^2 + 11.12s + 57.6)










>> % soal nomor 4
>> % A
>> G1num=[1 2]
>> G1den=[1 (roots([1 8 15]))']
[G1num,G1den]=zp2tf(G1num', G1den', 5)
G1tf=tf(G1num,G1den)
G1zpk=zpk(G1tf)
[r,p,k]=residue(G1num,G1den)

G1den =

     1    -5    -3


G1num =

     0     5   -15    10


G1den =

     1     7     7   -15


G1tf =
 
    5 s^2 - 15 s + 10
  ----------------------
  s^3 + 7 s^2 + 7 s - 15
 
Continuous-time transfer function.
Model Properties

G1zpk =
 
    5 (s-2) (s-1)
  -----------------
  (s+5) (s+3) (s-1)
 
Continuous-time zero/pole/gain model.
Model Properties

r =

   17.5000
  -12.5000
   -0.0000


p =

   -5.0000
   -3.0000
    1.0000


k =

     []
>> % B
G2num=[1 2]
G2den=[1 (roots([1 6 9]))']
[G2num,G2den]=zp2tf(G2num', G2den', 5)
G2tf=tf(G2num,G2den)
G2zpk=zpk(G2tf)
[r,p,k]=residue(G2num,G2den)

G2num =

     1     2


G2den =

   1.0000 + 0.0000i  -3.0000 - 0.0000i  -3.0000 + 0.0000i


G2num =

     0     5   -15    10


G2den =

    1.0000    5.0000    3.0000   -9.0000


G2tf =
 
    5 s^2 - 15 s + 10
  ---------------------
  s^3 + 5 s^2 + 3 s - 9
 
Continuous-time transfer function.
Model Properties

G2zpk =
 
  5 (s-2) (s-1)
  -------------
  (s+3)^2 (s-1)
 
Continuous-time zero/pole/gain model.
Model Properties

r =

    5.0000
  -25.0000
         0


p =

   -3.0000
   -3.0000
    1.0000


k =

     []

>> % C
G3num=[1 2]
G3den=[1 (roots([1 6 34]))']
[G3num,G3den]=zp2tf(G3num', G3den', 5)
G3tf=tf(G3num,G3den)
G3zpk=zpk(G3tf)
[r,p,k]=residue(G3num,G3den)

G3num =

     1     2


G3den =

   1.0000 + 0.0000i  -3.0000 - 5.0000i  -3.0000 + 5.0000i


G3num =

     0     5   -15    10


G3den =

    1.0000    5.0000   28.0000  -34.0000


G3tf =
 
     5 s^2 - 15 s + 10
  -----------------------
  s^3 + 5 s^2 + 28 s - 34
 
Continuous-time transfer function.
Model Properties

G3zpk =
 
      5 (s-2) (s-1)
  ---------------------
  (s-1) (s^2 + 6s + 34)
 
Continuous-time zero/pole/gain model.
Model Properties

r =

   2.5000 + 2.5000i
   2.5000 - 2.5000i
   0.0000 + 0.0000i


p =

  -3.0000 + 5.0000i
  -3.0000 - 5.0000i
   1.0000 + 0.0000i


k =

     []

>>
