>> % contoh 2.2
>> c=[3;1.5;-1];
>> p=[1;-4.3;2];
>> k=2;
>> [num,den]=residue(c,p,k)

num =

    2.0000    6.1000  -22.7000   -1.3000


den =

    1.0000    1.3000  -10.9000    8.6000
>> c=[3;1.5;-1];
p=[1;-4.3;2];
k=2;
>> [num,den]=residue(c,p,k);
>> printsys(num,den)
 
num/den = 
 
   2 s^3 + 6.1 s^2 - 22.7 s - 1.3
   ------------------------------
    s^3 + 1.3 s^2 - 10.9 s + 8.6
