 num=[1 2 3];
den=[1 3 3 1];
[c,p,k]=residue(num,den)

c =

    1.0000
    0.0000
    2.0000


p =

   -1.0000
   -1.0000
   -1.0000


k =

     []

>> [num,den]=residue(c,p,k);
num =

     1     2     3


den =

    1.0000    3.0000    3.0000    1.0000
>> printsys(num,den)
 
num/den = 
 
       s^2 + 2 s + 3
   ---------------------
   s^3 + 3 s^2 + 3 s + 1
